operations: 725 
819 134 621 960 159 345 786 111 164 466 140 365 965 603 349 471 20 310 780 889 374 520 217 531 307 850 542 696 746 169 949 202 882 869 810 849 335 722 151 604 438 928 986 235 730 698 130 523 734 848 663 27 237 194 155 189 568 998 87 382 735 415 67 631 267 927 968 454 632 619 478 683 898 685 670 168 923 115 776 162 318 437 797 802 341 425 992 336 247 657 995 826 378 300 913 997 173 229 971 895 

operations: 717 
865 484 752 951 179 261 486 380 927 496 249 858 491 304 759 42 922 599 216 170 845 876 789 509 623 753 348 479 95 57 184 823 573 740 663 613 661 215 714 181 347 204 480 737 794 526 299 793 699 720 743 349 133 78 461 773 311 792 358 539 634 98 116 386 431 645 498 50 436 765 300 370 772 930 863 515 508 62 602 697 567 546 822 320 522 321 738 775 899 859 735 131 760 887 368 836 435 967 869 754 

operations: 828 
328 227 803 940 878 405 265 916 538 598 358 642 132 316 357 999 341 545 182 114 512 869 963 557 55 397 346 194 835 584 197 399 407 536 139 401 546 314 947 997 315 232 668 229 181 883 207 978 731 262 445 561 326 643 728 312 311 754 833 578 762 234 330 285 595 498 52 525 749 508 709 658 191 676 322 670 556 607 368 257 616 895 564 786 908 839 106 926 245 467 307 331 186 491 912 779 126 740 196 220 

operations: 744 
139 823 277 535 661 649 917 674 813 682 164 192 704 982 200 299 169 971 60 602 556 257 350 475 399 517 511 651 126 285 118 251 231 403 507 683 252 891 787 434 297 646 560 468 960 996 411 720 684 140 80 190 478 888 116 986 698 131 780 742 259 461 94 811 816 484 909 676 584 543 454 391 851 486 520 607 929 626 166 499 723 456 349 691 27 725 372 728 652 769 557 426 745 627 959 246 927 664 521 973 

operations: 758 
545 988 516 831 341 510 686 706 483 542 122 787 20 290 186 165 757 153 721 306 828 920 997 788 965 715 647 267 323 271 222 466 779 772 27 553 326 804 310 984 311 404 702 117 147 73 435 137 717 770 722 796 791 862 129 173 280 821 687 938 138 74 858 569 413 887 790 278 744 857 628 349 365 309 244 876 115 332 406 558 758 870 903 182 352 363 763 297 293 465 333 210 398 760 880 384 522 673 664 262 

operations: 759 
458 520 605 118 463 795 267 657 554 744 586 894 607 486 511 650 487 104 647 996 285 214 10 484 633 339 748 974 640 831 815 596 986 546 906 262 465 797 703 35 833 319 149 101 36 422 765 108 207 151 340 840 173 965 255 656 758 59 479 460 361 366 936 77 564 237 590 720 897 542 181 750 803 505 603 163 796 245 915 381 99 326 327 38 583 690 98 893 910 555 342 931 309 344 219 375 92 404 899 713 

operations: 749 
494 807 459 254 960 289 367 271 132 58 223 720 607 338 466 770 665 939 771 43 111 312 358 619 642 396 33 102 46 563 288 569 684 587 50 516 874 337 638 891 331 688 594 835 901 432 756 646 224 656 114 61 526 199 34 357 651 974 202 599 760 908 575 174 605 450 530 165 368 670 627 636 957 487 989 528 763 215 722 323 242 984 567 440 595 585 540 498 433 990 568 792 143 914 705 920 713 657 803 183 

operations: 782 
190 976 694 175 745 309 825 396 598 589 298 618 179 477 658 145 333 910 350 908 714 936 601 423 131 475 785 886 229 725 84 518 458 66 564 202 366 490 471 483 428 986 167 881 156 991 730 829 440 242 903 898 427 472 683 284 108 742 813 464 394 992 904 575 481 416 567 787 372 644 301 280 945 177 369 235 675 808 512 287 171 149 592 520 655 596 362 341 236 753 63 194 453 293 431 899 227 432 252 161 

operations: 739 
619 486 456 230 447 232 171 722 503 680 509 528 998 811 303 705 271 652 592 978 127 245 959 909 418 954 518 562 134 910 969 724 668 537 76 452 576 523 434 835 270 51 606 131 803 955 534 695 90 399 627 779 674 727 847 179 15 490 687 311 793 107 44 149 43 729 387 96 440 234 465 587 274 472 46 225 443 352 681 569 122 139 945 893 802 602 647 100 857 707 380 500 414 430 816 257 304 50 268 345 

operations: 710 
562 188 852 459 935 473 170 940 374 275 472 142 384 126 193 548 176 695 310 221 512 335 741 467 987 976 592 633 226 858 133 182 758 632 997 465 113 884 327 542 533 214 514 515 536 127 398 819 53 970 595 297 278 641 157 684 752 425 237 856 516 574 724 539 772 446 450 541 247 700 387 767 813 161 303 458 312 507 256 812 116 546 790 354 501 181 421 201 159 932 445 901 906 995 560 23 814 205 622 337 

operations: 755 
339 745 516 469 448 703 105 886 431 404 222 207 447 190 23 424 157 798 695 606 657 938 101 479 735 243 279 486 175 192 551 182 885 700 520 713 736 200 614 686 627 464 445 213 367 983 10 664 530 380 738 724 676 523 176 905 391 890 374 942 957 343 565 29 450 68 579 707 274 932 784 249 346 582 211 71 822 667 379 832 982 216 189 836 446 423 352 272 751 306 358 743 720 774 265 996 528 430 241 682 

operations: 710 
492 192 555 215 673 148 407 174 120 788 609 592 770 444 953 264 337 726 568 233 547 388 117 969 385 663 290 591 278 114 858 411 304 363 246 95 921 694 188 857 866 382 580 175 293 198 518 778 721 637 656 559 101 521 643 285 702 429 205 616 797 207 494 150 476 409 417 747 787 206 664 672 790 168 985 876 462 749 368 911 341 995 769 346 795 661 754 154 845 660 380 235 756 243 966 147 251 546 343 649 

operations: 764 
764 566 785 887 378 235 115 884 967 362 326 408 400 499 721 186 504 705 883 475 748 185 936 239 43 240 595 878 482 903 575 583 264 911 94 111 540 14 620 509 44 702 13 684 980 373 856 630 251 498 420 808 683 47 988 882 242 675 369 738 138 317 128 900 768 121 998 935 553 877 424 797 453 746 770 875 438 101 757 924 183 411 229 912 477 494 727 815 730 255 943 208 658 767 412 267 829 608 256 76 

operations: 922 
993 228 266 629 761 100 193 857 115 229 459 837 578 217 908 452 54 839 725 297 577 722 977 608 603 27 805 89 914 433 254 969 303 474 323 587 530 767 463 234 341 336 616 387 124 130 304 894 594 245 896 344 861 258 882 50 306 987 960 137 295 165 424 356 593 102 570 101 506 979 160 496 294 682 836 360 763 940 249 159 109 738 968 827 252 431 208 765 992 351 739 888 305 12 592 511 545 379 596 409 

operations: 707 
955 817 690 864 448 612 49 731 339 146 178 945 806 197 449 136 89 106 183 319 400 865 142 935 568 278 774 60 279 629 189 993 260 286 496 222 949 337 294 515 599 87 320 776 377 713 204 80 608 849 474 185 475 28 796 24 177 480 172 243 633 698 305 477 695 331 802 659 754 165 676 264 418 420 506 439 895 518 801 986 428 236 523 561 649 685 664 855 699 814 11 963 388 510 707 722 663 947 982 812 

operations: 707 
669 807 606 473 792 396 238 658 562 18 291 298 945 667 487 617 216 66 872 619 527 708 777 34 211 993 474 698 533 961 513 176 263 171 12 322 863 697 926 294 164 234 292 809 282 237 191 293 324 523 754 917 267 44 253 927 532 735 255 30 629 665 242 597 404 265 283 70 431 471 813 539 359 953 268 723 910 834 388 349 428 696 357 102 789 239 576 661 837 648 531 683 247 443 623 376 526 105 808 904 

operations: 705 
399 342 440 684 94 752 560 962 931 892 35 252 858 421 112 340 990 922 446 880 549 311 239 926 498 924 774 588 753 792 967 674 885 731 659 758 578 702 784 61 65 786 66 582 636 780 776 299 765 159 898 216 395 285 844 528 466 662 261 439 905 454 162 406 633 503 661 471 47 918 906 374 398 823 878 958 960 541 739 139 916 797 349 819 487 833 584 318 681 835 639 612 652 920 837 961 134 713 538 954 

operations: 711 
213 170 692 256 159 180 143 941 748 78 309 831 793 488 788 791 195 948 466 569 695 141 97 641 821 114 153 589 888 643 157 519 674 64 843 663 840 434 763 193 81 491 435 585 971 989 367 154 694 893 538 639 505 931 767 685 870 350 156 134 497 511 545 412 656 146 249 183 716 709 707 798 734 455 137 901 806 113 489 442 383 526 27 921 119 172 244 670 145 179 792 357 992 338 266 900 424 324 262 450 

operations: 701 
571 672 825 172 758 475 829 580 819 30 305 535 7 667 213 857 995 960 125 250 543 822 548 842 627 229 661 968 174 791 16 754 941 102 651 631 322 302 347 165 157 946 254 998 90 591 383 803 389 45 756 739 767 997 757 718 259 723 408 755 34 749 537 726 888 456 612 925 762 111 927 688 186 663 215 76 163 184 70 891 334 970 280 504 563 214 838 312 552 413 292 795 613 643 109 465 664 303 654 687 

operations: 744 
309 734 270 976 686 789 526 753 139 782 456 96 247 599 170 751 5 230 769 243 246 825 75 668 466 589 236 642 573 498 508 454 673 565 264 124 350 844 60 429 867 758 886 596 242 444 256 895 899 278 941 874 943 14 685 141 97 404 117 545 826 191 969 129 329 650 32 84 912 891 23 376 476 482 475 38 563 624 804 584 219 750 37 698 964 198 651 656 857 578 217 175 301 625 719 652 317 921 843 185 

operations: 743 
219 377 332 931 436 686 727 786 208 636 673 798 331 614 314 521 640 578 792 953 800 444 997 827 572 465 728 422 660 525 327 677 443 15 379 688 329 387 814 598 301 886 722 203 244 633 468 494 118 559 601 71 26 454 298 195 948 684 698 163 604 675 971 647 308 256 358 74 501 929 763 284 679 90 750 450 605 854 622 181 509 189 892 533 946 643 861 641 789 849 926 372 306 775 770 590 466 313 467 499 

operations: 752 
675 382 934 218 918 649 276 734 668 899 154 527 809 921 684 31 262 452 759 459 38 513 584 66 126 456 86 874 551 479 193 39 698 419 575 895 819 354 539 694 517 163 903 258 549 831 593 914 441 222 173 822 973 905 255 483 676 504 180 787 944 751 726 880 350 665 722 484 954 948 226 147 40 569 263 127 453 792 24 799 796 105 725 865 595 769 739 413 984 143 579 836 530 916 57 178 20 563 775 988 

operations: 706 
190 70 197 787 937 203 828 572 542 655 250 665 503 457 181 282 796 704 735 52 625 791 598 943 307 706 843 218 755 660 33 84 635 672 372 428 357 676 391 636 628 662 891 969 375 284 109 235 671 325 961 518 664 125 304 137 761 563 313 127 461 397 160 780 515 244 590 895 670 511 126 316 111 435 599 294 440 122 852 498 715 272 21 739 334 119 338 805 200 78 155 89 559 20 534 692 785 350 130 79 

operations: 703 
287 737 59 795 57 644 421 587 591 582 22 910 77 691 316 592 407 241 669 715 12 602 491 347 772 904 350 252 690 626 743 820 119 312 725 352 884 136 538 872 580 419 345 189 813 457 502 822 377 187 365 584 480 139 543 835 453 871 599 306 695 267 93 749 685 276 452 360 804 946 594 394 70 438 841 836 157 177 746 428 581 985 34 561 173 573 17 681 756 488 122 919 522 787 817 745 627 974 185 406 

operations: 720 
522 560 900 563 397 19 170 171 951 596 911 130 704 833 199 169 29 656 203 885 782 206 702 604 762 204 142 443 929 883 340 609 10 297 272 551 842 653 989 863 314 457 120 86 726 32 526 792 741 8 963 658 630 890 420 362 274 523 475 606 567 696 286 414 750 108 399 859 417 993 825 740 862 407 590 844 969 864 891 830 991 816 460 866 308 218 632 375 181 910 817 68 315 805 928 144 127 166 542 501 

operations: 701 
274 466 933 674 883 423 903 686 412 432 820 27 209 546 700 842 992 670 695 727 343 812 677 781 216 780 860 799 718 452 868 251 628 560 324 536 378 45 371 321 366 464 621 806 156 726 524 619 606 787 505 30 943 882 978 408 668 438 678 307 724 349 370 663 625 398 139 823 562 846 320 537 420 600 208 149 881 302 645 155 355 11 772 638 158 918 10 644 369 879 584 703 131 217 413 915 463 709 485 417 

operations: 776 
989 975 81 597 903 915 996 757 774 63 510 751 465 958 144 386 821 429 612 278 180 355 250 770 277 179 691 689 345 358 372 229 94 443 910 680 403 515 202 735 815 715 973 535 561 621 747 835 244 245 322 555 886 52 256 852 526 317 681 160 208 764 361 419 187 775 733 326 306 269 230 685 634 921 360 638 246 168 869 656 765 537 223 209 511 983 341 837 387 708 732 664 189 114 929 982 254 148 810 154 

operations: 713 
443 384 409 511 210 580 327 601 203 447 955 977 600 748 68 740 437 570 515 920 460 948 265 992 875 916 582 820 347 456 674 562 728 974 455 259 663 118 783 938 996 370 12 646 166 418 943 187 500 513 797 504 214 802 868 878 221 953 877 463 215 294 841 461 126 184 133 662 769 844 911 539 110 778 704 234 647 942 756 744 441 153 803 699 735 908 520 450 505 352 979 847 882 448 881 25 224 893 446 555 

operations: 739 
308 849 294 151 217 113 382 88 921 176 917 342 818 368 172 419 711 46 10 726 129 897 347 530 166 571 607 314 429 433 380 215 157 793 799 996 862 817 92 697 116 689 768 692 152 860 975 757 295 274 670 648 144 660 55 490 58 43 194 542 888 252 409 441 438 826 560 561 678 662 518 219 668 467 159 73 324 200 649 243 812 358 397 802 385 754 25 132 788 553 690 350 505 714 465 513 988 469 918 407 

operations: 712 
554 948 712 703 574 929 823 887 92 934 225 250 926 834 233 512 647 854 492 229 903 958 662 288 626 519 674 256 244 973 947 646 636 809 734 274 275 780 995 199 135 439 375 895 404 207 120 339 227 784 688 319 441 509 408 873 858 584 186 642 294 462 151 620 659 990 251 320 536 551 221 590 741 828 821 487 434 768 432 915 284 770 634 37 156 372 805 790 908 264 681 774 541 943 632 412 304 763 38 912 

operations: 722 
984 908 421 150 425 516 370 971 874 380 903 375 881 28 948 67 921 968 428 531 318 294 865 929 678 906 320 620 756 808 700 655 919 683 820 333 390 420 615 325 644 722 555 923 738 633 62 613 959 618 575 977 826 680 799 643 241 308 963 228 27 472 879 204 485 238 649 562 757 797 768 976 931 215 887 482 646 570 456 354 702 247 960 262 821 685 626 739 744 143 505 544 584 461 88 145 410 182 437 732 

operations: 776 
783 388 386 254 536 928 924 571 122 846 512 131 861 312 33 349 976 973 913 608 51 351 420 552 11 470 881 793 130 695 359 132 483 169 737 708 14 853 826 182 292 375 564 390 366 751 463 454 547 714 736 414 433 916 659 753 496 930 193 912 300 116 572 143 689 940 699 155 593 342 57 915 578 565 875 345 481 652 293 943 18 580 566 288 984 951 762 213 74 422 212 957 747 537 203 239 79 352 676 850 

operations: 725 
184 876 437 397 651 989 797 230 169 151 770 467 744 967 669 740 269 417 453 347 862 675 147 941 109 239 771 886 307 987 238 870 363 112 615 141 217 107 407 704 392 573 449 377 171 320 255 137 352 232 944 196 200 106 187 288 344 66 236 81 935 127 671 806 117 915 905 419 105 724 820 253 911 830 956 701 211 561 910 856 619 572 837 149 942 604 436 898 754 102 65 336 489 685 266 972 976 999 741 743 

operations: 756 
615 701 825 286 672 388 821 449 334 866 222 478 294 44 799 739 589 630 608 77 435 485 656 54 675 442 271 925 523 391 277 934 470 487 224 732 919 59 323 731 423 108 413 579 331 837 590 662 519 737 781 839 994 261 612 752 522 153 581 459 927 17 415 730 629 638 647 811 167 587 868 686 467 191 614 405 473 176 824 775 434 312 55 110 849 988 270 788 213 756 243 527 954 567 463 604 84 688 475 644 

